
0.000000	0.000000
0.002500	-0.001572
0.005000	-0.002979
0.007500	-0.004225
0.010000	-0.005317
0.012500	-0.006260
0.015000	-0.007059
0.017500	-0.007720
0.020000	-0.008247
0.022500	-0.008647
0.025000	-0.008924
0.027500	-0.009083
0.030000	-0.009129
0.032500	-0.009067
0.035000	-0.008903
0.037500	-0.008641
0.040000	-0.008286
0.042500	-0.007843
0.045000	-0.007316
0.047500	-0.006711
0.050000	-0.006032
0.052500	-0.005283
0.055000	-0.004469
0.057500	-0.003595
0.060000	-0.002663
0.062500	-0.001680
0.065000	-0.000647
0.067500	0.000431
0.070000	0.001550
0.072500	0.002708
0.075000	0.003900
0.077500	0.005124
0.080000	0.006378
0.082500	0.007658
0.085000	0.008963
0.087500	0.010290
0.090000	0.011638
0.092500	0.013005
0.095000	0.014389
0.097500	0.015789
0.100000	0.017204
0.102500	0.018634
0.105000	0.020076
0.107500	0.021532
0.110000	0.023001
0.112500	0.024482
0.115000	0.025975
0.117500	0.027481
0.120000	0.028999
0.122500	0.030530
0.125000	0.032074
0.127500	0.033631
0.130000	0.035201
0.132500	0.036786
0.135000	0.038384
0.137500	0.039997
0.140000	0.041625
0.142500	0.043267
0.145000	0.044924
0.147500	0.046597
0.150000	0.048285
0.152500	0.049987
0.155000	0.051705
0.157500	0.053436
0.160000	0.055181
0.162500	0.056940
0.165000	0.058711
0.167500	0.060493
0.170000	0.062286
0.172500	0.064088
0.175000	0.065899
0.177500	0.067716
0.180000	0.069539
0.182500	0.071365
0.185000	0.073193
0.187500	0.075021
0.190000	0.076847
0.192500	0.078670
0.195000	0.080487
0.197500	0.082296
0.200000	0.084094
0.202500	0.085881
0.205000	0.087652
0.207500	0.089407
0.210000	0.091143
0.212500	0.092857
0.215000	0.094547
0.217500	0.096212
0.220000	0.097848
0.222500	0.099453
0.225000	0.101026
0.227500	0.102563
0.230000	0.104064
0.232500	0.105526
0.235000	0.106947
0.237500	0.108326
0.240000	0.109659
0.242500	0.110947
0.245000	0.112187
0.247500	0.113377
0.250000	0.114517
0.252500	0.115605
0.255000	0.116639
0.257500	0.117619
0.260000	0.118544
0.262500	0.119413
0.265000	0.120225
0.267500	0.120978
0.270000	0.121674
0.272500	0.122311
0.275000	0.122888
0.277500	0.123407
0.280000	0.123865
0.282500	0.124264
0.285000	0.124603
0.287500	0.124882
0.290000	0.125101
0.292500	0.125261
0.295000	0.125361
0.297500	0.125403
0.300000	0.125386
0.302500	0.125311
0.305000	0.125178
0.307500	0.124988
0.310000	0.124741
0.312500	0.124439
0.315000	0.124081
0.317500	0.123669
0.320000	0.123202
0.322500	0.122683
0.325000	0.122111
0.327500	0.121487
0.330000	0.120812
0.332500	0.120088
0.335000	0.119314
0.337500	0.118492
0.340000	0.117622
0.342500	0.116706
0.345000	0.115743
0.347500	0.114736
0.350000	0.113684
0.352500	0.112590
0.355000	0.111453
0.357500	0.110275
0.360000	0.109056
0.362500	0.107797
0.365000	0.106499
0.367500	0.105163
0.370000	0.103791
0.372500	0.102382
0.375000	0.100937
0.377500	0.099458
0.380000	0.097944
0.382500	0.096398
0.385000	0.094820
0.387500	0.093210
0.390000	0.091570
0.392500	0.089899
0.395000	0.088200
0.397500	0.086472
0.400000	0.084717
0.402500	0.082934
0.405000	0.081125
0.407500	0.079291
0.410000	0.077432
0.412500	0.075549
0.415000	0.073642
0.417500	0.071712
0.420000	0.069760
0.422500	0.067786
0.425000	0.065791
0.427500	0.063776
0.430000	0.061741
0.432500	0.059686
0.435000	0.057613
0.437500	0.055521
0.440000	0.053411
0.442500	0.051283
0.445000	0.049139
0.447500	0.046979
0.450000	0.044802
0.452500	0.042609
0.455000	0.040402
0.457500	0.038180
0.460000	0.035943
0.462500	0.033692
0.465000	0.031428
0.467500	0.029151
0.470000	0.026860
0.472500	0.024557
0.475000	0.022242
0.477500	0.019914
0.480000	0.017576
0.482500	0.015226
0.485000	0.012865
0.487500	0.010493
0.490000	0.008111
0.492500	0.005719
0.495000	0.003318
0.497500	0.000907
0.500000	-0.001513
0.502500	-0.003942
0.505000	-0.006380
0.507500	-0.008825
0.510000	-0.011279
0.512500	-0.013740
0.515000	-0.016208
0.517500	-0.018683
0.520000	-0.021164
0.522500	-0.023652
0.525000	-0.026146
0.527500	-0.028645
0.530000	-0.031148
0.532500	-0.033656
0.535000	-0.036168
0.537500	-0.038684
0.540000	-0.041203
0.542500	-0.043725
0.545000	-0.046248
0.547500	-0.048774
0.550000	-0.051299
0.552500	-0.053825
0.555000	-0.056351
0.557500	-0.058876
0.560000	-0.061398
0.562500	-0.063919
0.565000	-0.066435
0.567500	-0.068947
0.570000	-0.071454
0.572500	-0.073955
0.575000	-0.076449
0.577500	-0.078935
0.580000	-0.081411
0.582500	-0.083877
0.585000	-0.086331
0.587500	-0.088773
0.590000	-0.091201
0.592500	-0.093613
0.595000	-0.096008
0.597500	-0.098385
0.600000	-0.100741
0.602500	-0.103077
0.605000	-0.105389
0.607500	-0.107676
0.610000	-0.109937
0.612500	-0.112169
0.615000	-0.114370
0.617500	-0.116539
0.620000	-0.118674
0.622500	-0.120772
0.625000	-0.122831
0.627500	-0.124850
0.630000	-0.126825
0.632500	-0.128755
0.635000	-0.130637
0.637500	-0.132469
0.640000	-0.134248
0.642500	-0.135972
0.645000	-0.137639
0.647500	-0.139245
0.649999	-0.140788
0.652499	-0.142267
0.654999	-0.143677
0.657499	-0.145017
0.659999	-0.146283
0.662499	-0.147475
0.664999	-0.148588
0.667499	-0.149620
0.669999	-0.150570
0.672499	-0.151434
0.674999	-0.152210
0.677499	-0.152896
0.679999	-0.153490
0.682499	-0.153990
0.684999	-0.154393
0.687499	-0.154698
0.689999	-0.154903
0.692499	-0.155007
0.694999	-0.155007
0.697499	-0.154903
0.699999	-0.154694
0.702499	-0.154378
0.704999	-0.153954
0.707499	-0.153423
0.709999	-0.152784
0.712499	-0.152036
0.714999	-0.151180
0.717499	-0.150216
0.719999	-0.149144
0.722499	-0.147965
0.724999	-0.146681
0.727499	-0.145291
0.729999	-0.143799
0.732499	-0.142204
0.734999	-0.140510
0.737499	-0.138719
0.739999	-0.136832
0.742499	-0.134853
0.744999	-0.132784
0.747499	-0.130628
0.749999	-0.128389
0.752499	-0.126069
0.754999	-0.123673
0.757499	-0.121204
0.759999	-0.118665
0.762499	-0.116062
0.764999	-0.113398
0.767499	-0.110678
0.769999	-0.107905
0.772499	-0.105085
0.774999	-0.102222
0.777499	-0.099319
0.779999	-0.096383
0.782499	-0.093417
0.784999	-0.090426
0.787499	-0.087414
0.789999	-0.084387
0.792499	-0.081349
0.794999	-0.078303
0.797499	-0.075255
0.799999	-0.072208
0.802499	-0.069167
0.804999	-0.066136
0.807499	-0.063119
0.809999	-0.060120
0.812499	-0.057141
0.814999	-0.054188
0.817499	-0.051263
0.819999	-0.048369
0.822499	-0.045509
0.824999	-0.042688
0.827499	-0.039906
0.829999	-0.037168
0.832499	-0.034475
0.834999	-0.031829
0.837499	-0.029234
0.839999	-0.026690
0.842499	-0.024200
0.844999	-0.021765
0.847499	-0.019388
0.849999	-0.017069
0.852499	-0.014809
0.854999	-0.012610
0.857499	-0.010473
0.859999	-0.008399
0.862499	-0.006388
0.864999	-0.004442
0.867499	-0.002560
0.869999	-0.000743
0.872499	0.001008
0.874999	0.002693
0.877499	0.004312
0.879999	0.005866
0.882499	0.007353
0.884999	0.008775
0.887499	0.010130
0.889999	0.011419
0.892499	0.012644
0.894999	0.013802
0.897499	0.014896
0.899999	0.015925
0.902499	0.016890
0.904999	0.017790
0.907499	0.018627
0.909999	0.019400
0.912499	0.020110
0.914999	0.020757
0.917499	0.021341
0.919999	0.021862
0.922499	0.022321
0.924999	0.022717
0.927499	0.023050
0.929999	0.023320
0.932499	0.023527
0.934999	0.023670
0.937499	0.023748
0.939999	0.023762
0.942499	0.023710
0.944999	0.023591
0.947499	0.023403
0.949999	0.023147
0.952499	0.022820
0.954999	0.022420
0.957499	0.021945
0.959999	0.021395
0.962499	0.020766
0.964999	0.020056
0.967499	0.019263
0.969999	0.018385
0.972499	0.017417
0.974999	0.016358
0.977499	0.015204
0.979999	0.013953
0.982499	0.012600
0.984999	0.011143
0.987499	0.009578
0.989999	0.007901
0.992499	0.006109
0.994999	0.004197
0.997499	0.002162
0.999999	0.000000