
0.000000	0.000000
0.002500	0.001234
0.005000	0.002359
0.007500	0.003378
0.010000	0.004293
0.012500	0.005107
0.015000	0.005822
0.017500	0.006440
0.020000	0.006963
0.022500	0.007394
0.025000	0.007735
0.027500	0.007988
0.030000	0.008154
0.032500	0.008236
0.035000	0.008235
0.037500	0.008153
0.040000	0.007992
0.042500	0.007753
0.045000	0.007438
0.047500	0.007048
0.050000	0.006584
0.052500	0.006048
0.055000	0.005440
0.057500	0.004762
0.060000	0.004015
0.062500	0.003200
0.065000	0.002319
0.067500	0.001371
0.070000	0.000358
0.072500	-0.000719
0.075000	-0.001859
0.077500	-0.003062
0.080000	-0.004325
0.082500	-0.005649
0.085000	-0.007032
0.087500	-0.008474
0.090000	-0.009973
0.092500	-0.011528
0.095000	-0.013138
0.097500	-0.014802
0.100000	-0.016519
0.102500	-0.018287
0.105000	-0.020105
0.107500	-0.021971
0.110000	-0.023885
0.112500	-0.025844
0.115000	-0.027846
0.117500	-0.029890
0.120000	-0.031975
0.122500	-0.034098
0.125000	-0.036257
0.127500	-0.038451
0.130000	-0.040677
0.132500	-0.042932
0.135000	-0.045215
0.137500	-0.047523
0.140000	-0.049854
0.142500	-0.052205
0.145000	-0.054574
0.147500	-0.056958
0.150000	-0.059355
0.152500	-0.061761
0.155000	-0.064174
0.157500	-0.066592
0.160000	-0.069012
0.162500	-0.071430
0.165000	-0.073843
0.167500	-0.076250
0.170000	-0.078647
0.172500	-0.081031
0.175000	-0.083399
0.177500	-0.085749
0.180000	-0.088078
0.182500	-0.090384
0.185000	-0.092662
0.187500	-0.094911
0.190000	-0.097129
0.192500	-0.099312
0.195000	-0.101458
0.197500	-0.103565
0.200000	-0.105631
0.202500	-0.107652
0.205000	-0.109627
0.207500	-0.111555
0.210000	-0.113432
0.212500	-0.115257
0.215000	-0.117029
0.217500	-0.118744
0.220000	-0.120403
0.222500	-0.122003
0.225000	-0.123544
0.227500	-0.125023
0.230000	-0.126439
0.232500	-0.127792
0.235000	-0.129081
0.237500	-0.130304
0.240000	-0.131462
0.242500	-0.132552
0.245000	-0.133576
0.247500	-0.134532
0.250000	-0.135419
0.252500	-0.136239
0.255000	-0.136990
0.257500	-0.137673
0.260000	-0.138287
0.262500	-0.138833
0.265000	-0.139311
0.267500	-0.139721
0.270000	-0.140063
0.272500	-0.140339
0.275000	-0.140548
0.277500	-0.140691
0.280000	-0.140769
0.282500	-0.140783
0.285000	-0.140732
0.287500	-0.140619
0.290000	-0.140444
0.292500	-0.140207
0.295000	-0.139910
0.297500	-0.139555
0.300000	-0.139141
0.302500	-0.138669
0.305000	-0.138143
0.307500	-0.137561
0.310000	-0.136925
0.312500	-0.136238
0.315000	-0.135499
0.317500	-0.134710
0.320000	-0.133872
0.322500	-0.132987
0.325000	-0.132056
0.327500	-0.131080
0.330000	-0.130061
0.332500	-0.128999
0.335000	-0.127896
0.337500	-0.126753
0.340000	-0.125572
0.342500	-0.124354
0.345000	-0.123100
0.347500	-0.121811
0.350000	-0.120488
0.352500	-0.119133
0.355000	-0.117748
0.357500	-0.116332
0.360000	-0.114889
0.362500	-0.113417
0.365000	-0.111919
0.367500	-0.110397
0.370000	-0.108850
0.372500	-0.107281
0.375000	-0.105688
0.377500	-0.104076
0.380000	-0.102443
0.382500	-0.100791
0.385000	-0.099122
0.387500	-0.097435
0.390000	-0.095733
0.392500	-0.094015
0.395000	-0.092282
0.397500	-0.090537
0.400000	-0.088779
0.402500	-0.087008
0.405000	-0.085226
0.407500	-0.083434
0.410000	-0.081632
0.412500	-0.079822
0.415000	-0.078003
0.417500	-0.076176
0.420000	-0.074342
0.422500	-0.072502
0.425000	-0.070656
0.427500	-0.068804
0.430000	-0.066948
0.432500	-0.065087
0.435000	-0.063223
0.437500	-0.061356
0.440000	-0.059485
0.442500	-0.057612
0.445000	-0.055737
0.447500	-0.053860
0.450000	-0.051982
0.452500	-0.050103
0.455000	-0.048223
0.457500	-0.046344
0.460000	-0.044464
0.462500	-0.042584
0.465000	-0.040705
0.467500	-0.038827
0.470000	-0.036951
0.472500	-0.035076
0.475000	-0.033202
0.477500	-0.031330
0.480000	-0.029461
0.482500	-0.027593
0.485000	-0.025729
0.487500	-0.023866
0.490000	-0.022008
0.492500	-0.020153
0.495000	-0.018300
0.497500	-0.016451
0.500000	-0.014606
0.502500	-0.012764
0.505000	-0.010926
0.507500	-0.009093
0.510000	-0.007263
0.512500	-0.005438
0.515000	-0.003617
0.517500	-0.001801
0.520000	0.000011
0.522500	0.001817
0.525000	0.003619
0.527500	0.005415
0.530000	0.007207
0.532500	0.008993
0.535000	0.010773
0.537500	0.012549
0.540000	0.014318
0.542500	0.016081
0.545000	0.017839
0.547500	0.019590
0.550000	0.021334
0.552500	0.023072
0.555000	0.024803
0.557500	0.026527
0.560000	0.028245
0.562500	0.029955
0.565000	0.031659
0.567500	0.033355
0.570000	0.035043
0.572500	0.036724
0.575000	0.038397
0.577500	0.040062
0.580000	0.041719
0.582500	0.043367
0.585000	0.045006
0.587500	0.046637
0.590000	0.048259
0.592500	0.049871
0.595000	0.051475
0.597500	0.053067
0.600000	0.054650
0.602500	0.056222
0.605000	0.057785
0.607500	0.059336
0.610000	0.060877
0.612500	0.062405
0.615000	0.063922
0.617500	0.065427
0.620000	0.066919
0.622500	0.068399
0.625000	0.069865
0.627500	0.071318
0.630000	0.072757
0.632500	0.074182
0.635000	0.075592
0.637500	0.076988
0.640000	0.078368
0.642500	0.079733
0.645000	0.081081
0.647500	0.082413
0.649999	0.083728
0.652499	0.085025
0.654999	0.086304
0.657499	0.087564
0.659999	0.088805
0.662499	0.090027
0.664999	0.091229
0.667499	0.092409
0.669999	0.093568
0.672499	0.094706
0.674999	0.095821
0.677499	0.096913
0.679999	0.097982
0.682499	0.099025
0.684999	0.100044
0.687499	0.101037
0.689999	0.102004
0.692499	0.102944
0.694999	0.103856
0.697499	0.104740
0.699999	0.105594
0.702499	0.106418
0.704999	0.107211
0.707499	0.107972
0.709999	0.108701
0.712499	0.109397
0.714999	0.110059
0.717499	0.110686
0.719999	0.111277
0.722499	0.111832
0.724999	0.112349
0.727499	0.112828
0.729999	0.113268
0.732499	0.113668
0.734999	0.114027
0.737499	0.114344
0.739999	0.114618
0.742499	0.114849
0.744999	0.115035
0.747499	0.115176
0.749999	0.115271
0.752499	0.115319
0.754999	0.115319
0.757499	0.115270
0.759999	0.115171
0.762499	0.115022
0.764999	0.114822
0.767499	0.114570
0.769999	0.114265
0.772499	0.113907
0.774999	0.113494
0.777499	0.113027
0.779999	0.112504
0.782499	0.111926
0.784999	0.111290
0.787499	0.110597
0.789999	0.109847
0.792499	0.109038
0.794999	0.108171
0.797499	0.107244
0.799999	0.106258
0.802499	0.105212
0.804999	0.104106
0.807499	0.102939
0.809999	0.101711
0.812499	0.100422
0.814999	0.099071
0.817499	0.097658
0.819999	0.096184
0.822499	0.094647
0.824999	0.093048
0.827499	0.091387
0.829999	0.089662
0.832499	0.087874
0.834999	0.086022
0.837499	0.084106
0.839999	0.082127
0.842499	0.080082
0.844999	0.077973
0.847499	0.075797
0.849999	0.073556
0.852499	0.071248
0.854999	0.068872
0.857499	0.066429
0.859999	0.063916
0.862499	0.061333
0.864999	0.058680
0.867499	0.055954
0.869999	0.053156
0.872499	0.050283
0.874999	0.047335
0.877499	0.044310
0.879999	0.041207
0.882499	0.038025
0.884999	0.034761
0.887499	0.031415
0.889999	0.027985
0.892499	0.024470
0.894999	0.020868
0.897499	0.017179
0.899999	0.013400
0.902499	0.009530
0.904999	0.005569
0.907499	0.001517
0.909999	-0.002628
0.912499	-0.006865
0.914999	-0.011193
0.917499	-0.015611
0.919999	-0.020114
0.922499	-0.024699
0.924999	-0.029357
0.927499	-0.034077
0.929999	-0.038842
0.932499	-0.043629
0.934999	-0.048404
0.937499	-0.053120
0.939999	-0.057713
0.942499	-0.062097
0.944999	-0.066153
0.947499	-0.069727
0.949999	-0.072620
0.952499	-0.074571
0.954999	-0.075257
0.957499	-0.074271
0.959999	-0.071117
0.962499	-0.065198
0.964999	-0.055806
0.967499	-0.042118
0.969999	-0.023187
0.972499	0.002049
0.974999	0.034764
0.977499	0.076228
0.979999	0.127769
0.982499	0.190722
0.984999	0.266339
0.987499	0.355649
0.989999	0.459266
0.992499	0.577136
0.994999	0.708251
0.997499	0.850392
0.999999	1.000000